Fitted Hill equation: 0.347558 + (1.00182-0.347558)*x^2.56812 / (0.0979746^2.56812 + x^2.56812)
R²: 0.998943

top = 1.0018154200897862
bottom = 0.34755773368328785
ec50 = 0.09797461857031092
nH = 2.568124879395703