Fitted Hill equation: 0.00102904 + (0.0242461-0.00102904)*x^1.81782 / (9.20963^1.81782 + x^1.81782)
R²: 0.99505

top = 0.02424606002522681
bottom = 0.0010290420572355275
ec50 = 9.209629442841942
nH = 1.817819708512769