Fitted Hill equation: 0.00144636 + (0.0341167-0.00144636)*x^1.81445 / (9.20183^1.81445 + x^1.81445)
R²: 0.995078

top = 0.03411667609908688
bottom = 0.0014463557187993836
ec50 = 9.201832916936736
nH = 1.8144509414698327