Fitted Hill equation: 0.132547 + (1.0064-0.132547)*x^2.01067 / (0.458157^2.01067 + x^2.01067)
R²: 0.995804

top = 1.006395256826766
bottom = 0.13254652845797288
ec50 = 0.45815733536575554
nH = 2.0106691322423775