Fitted Hill equation: 0.132734 + (1.00629-0.132734)*x^2.01226 / (0.458233^2.01226 + x^2.01226)
R²: 0.995792

top = 1.0062904959892343
bottom = 0.13273367475900413
ec50 = 0.4582325964713705
nH = 2.01225686916701