Fitted Hill equation: 1.0 + (1.0-1.0)*x^1.0 / (5.9749^1.0 + x^1.0)
top = 1.000000000144633
bottom = 0.9999999990752242
ec50 = 5.97489539748954
nH = 1.0