Fitted Hill equation: 0.208392 + (1.00428-0.208392)*x^2.1632 / (0.159342^2.1632 + x^2.1632)
R²: 0.997522

top = 1.0042795338777688
bottom = 0.20839215244955195
ec50 = 0.15934171681940182
nH = 2.1631970006367456