Fitted Hill equation: 0.00137716 + (0.0324784-0.00137716)*x^1.81501 / (9.20313^1.81501 + x^1.81501)
R²: 0.995073

top = 0.032478448943961936
bottom = 0.001377160396892179
ec50 = 9.203131971073416
nH = 1.8150111743914552