Fitted Hill equation: 0.00142289 + (0.0335611-0.00142289)*x^1.81464 / (9.20227^1.81464 + x^1.81464)
R²: 0.995076

top = 0.03356109060731015
bottom = 0.0014228919652272739
ec50 = 9.20227353554237
nH = 1.814640866236785