Fitted Hill equation: 0.127543 + (1.00969-0.127543)*x^1.93367 / (0.466826^1.93367 + x^1.93367)
R²: 0.996089

top = 1.0096925846693083
bottom = 0.1275434122386361
ec50 = 0.46682598396050884
nH = 1.9336725621280004