Fitted Hill equation: 0.000147759 + (0.00347368-0.000147759)*x^1.82484 / (9.22578^1.82484 + x^1.82484)
R²: 0.994992

top = 0.0034736755941229967
bottom = 0.00014775917212922547
ec50 = 9.22578035628064
nH = 1.824841280403618