Fitted Hill equation: 0.000347959 + (0.00818404-0.000347959)*x^1.82327 / (9.22216^1.82327 + x^1.82327)
R²: 0.995005

top = 0.008184044920448781
bottom = 0.0003479585598174116
ec50 = 9.222155854011438
nH = 1.8232657428010381