Fitted Hill equation: 0.00126411 + (0.0298032-0.00126411)*x^1.81592 / (9.20525^1.81592 + x^1.81592)
R²: 0.995066

top = 0.02980323529712348
bottom = 0.0012641080364680873
ec50 = 9.205248694830546
nH = 1.8159249195996996