Fitted Hill equation: 0.0449921 + (1.08777-0.0449921)*x^1.34757 / (1.98557^1.34757 + x^1.34757)
R²: 0.999287

top = 1.0877741899360387
bottom = 0.044992056781715126
ec50 = 1.9855708147494902
nH = 1.3475686156769011