Fitted Hill equation: 0.360014 + (1.00184-0.360014)*x^2.51921 / (0.0967624^2.51921 + x^2.51921)
R²: 0.998942

top = 1.0018403093992594
bottom = 0.3600140483320835
ec50 = 0.09676240997840714
nH = 2.5192122924349967