Fitted Hill equation: 0.101994 + (1.01804-0.101994)*x^1.84009 / (0.884365^1.84009 + x^1.84009)
R²: 0.99658

top = 1.0180353666609057
bottom = 0.10199389510384795
ec50 = 0.8843653639822432
nH = 1.840091828371263