Fitted Hill equation: 0.101993 + (1.01804-0.101993)*x^1.84009 / (0.884375^1.84009 + x^1.84009)
R²: 0.99658

top = 1.0180357668805708
bottom = 0.1019934337962126
ec50 = 0.884375171324424
nH = 1.8400867740802818