Fitted Hill equation: 0.0978002 + (1.022-0.0978002)*x^1.74459 / (0.926924^1.74459 + x^1.74459)
R²: 0.996827

top = 1.0219989133418128
bottom = 0.09780021174764342
ec50 = 0.9269240644049475
nH = 1.7445896996636379