Fitted Hill equation: 0.000678136 + (0.0159634-0.000678136)*x^1.82063 / (9.21611^1.82063 + x^1.82063)
R²: 0.995027

top = 0.015963429506388096
bottom = 0.0006781361969603644
ec50 = 9.21611498666759
nH = 1.8206334525233947