Fitted Hill equation: 0.645383 + (1.0003-0.645383)*x^3.74082 / (0.0722199^3.74082 + x^3.74082)
R²: 0.999922

top = 1.0003040898387667
bottom = 0.6453831324696329
ec50 = 0.07221988164684617
nH = 3.7408165450529096