Fitted Hill equation: 0.644502 + (1.00038-0.644502)*x^3.72729 / (0.0720871^3.72729 + x^3.72729)
R²: 0.999924

top = 1.0003765830882934
bottom = 0.6445017272216242
ec50 = 0.07208708480337964
nH = 3.727285333705293