Fitted Hill equation: 0.321167 + (1.00038-0.321167)*x^2.52636 / (0.106339^2.52636 + x^2.52636)
top = 1.0003764045642944
bottom = 0.3211668431285611
ec50 = 0.10633862279497805
nH = 2.5263633796834957