Fitted Hill equation: 0.206239 + (1.01334-0.206239)*x^2.0538 / (0.0957858^2.0538 + x^2.0538)
top = 1.0133350089275637
bottom = 0.20623894458743278
ec50 = 0.09578584254616372
nH = 2.053802471182524