Fitted Hill equation: 0.611422 + (1.00043-0.611422)*x^3.56217 / (0.0734685^3.56217 + x^3.56217)
R²: 0.999887

top = 1.0004337351678885
bottom = 0.6114222087578098
ec50 = 0.07346852362239799
nH = 3.56217204830205