Fitted Hill equation: 0.368452 + (1.00195-0.368452)*x^2.62496 / (0.093803^2.62496 + x^2.62496)
R²: 0.999125

top = 1.0019491955510784
bottom = 0.36845155882897895
ec50 = 0.09380298699657022
nH = 2.6249596715403394