Fitted Hill equation: 0.203643 + (1.00139-0.203643)*x^2.19389 / (0.176329^2.19389 + x^2.19389)
R²: 0.996931

top = 1.0013944213201962
bottom = 0.20364344041756724
ec50 = 0.17632943132818082
nH = 2.193887185270022