Fitted Hill equation: 0.371616 + (1.00124-0.371616)*x^2.65307 / (0.0941991^2.65307 + x^2.65307)
R²: 0.999063

top = 1.001236054660888
bottom = 0.37161600944121964
ec50 = 0.09419906084058842
nH = 2.653071732995032