Fitted Hill equation: 0.00144008 + (0.033968-0.00144008)*x^1.8145 / (9.20195^1.8145 + x^1.8145)
R²: 0.995078

top = 0.033968014215223094
bottom = 0.0014400776352208719
ec50 = 9.201950903944546
nH = 1.814501820121097