Fitted Hill equation: 0.633735 + (1.0004-0.633735)*x^3.60618 / (0.0726185^3.60618 + x^3.60618)
R²: 0.999902

top = 1.000398047630128
bottom = 0.6337347150241353
ec50 = 0.07261852809231618
nH = 3.606182693070039