Fitted Hill equation: 0.0993427 + (1.05478-0.0993427)*x^1.61033 / (0.170135^1.61033 + x^1.61033)
top = 1.0547819568094858
bottom = 0.09934271388650262
ec50 = 0.1701350623736917
nH = 1.610328090230892