Fitted Hill equation: 0.00144863 + (0.0341704-0.00144863)*x^1.81443 / (9.20179^1.81443 + x^1.81443)
R²: 0.995078

top = 0.03417042108722798
bottom = 0.0014486253850712284
ec50 = 9.201790226323084
nH = 1.8144325234969945