Fitted Hill equation: 0.213179 + (1.00445-0.213179)*x^2.0431 / (0.161888^2.0431 + x^2.0431)
R²: 0.997435

top = 1.004449798544249
bottom = 0.21317893092902562
ec50 = 0.16188767679222543
nH = 2.0430990050689872