Fitted Hill equation: 0.0169657 + (1.23129-0.0169657)*x^1.18103 / (79.9049^1.18103 + x^1.18103)
R²: 0.99993

top = 1.231285902880159
bottom = 0.016965673808935346
ec50 = 79.90493266240554
nH = 1.1810349900660468