Fitted Hill equation: 0.0629418 + (1.05976-0.0629418)*x^1.56007 / (1.76286^1.56007 + x^1.56007)
R²: 0.998545

top = 1.0597564828725332
bottom = 0.0629418300028486
ec50 = 1.7628604363795475
nH = 1.5600698910470836