Fitted Hill equation: 0.0629425 + (1.05976-0.0629425)*x^1.56007 / (1.76284^1.56007 + x^1.56007)
R²: 0.998545

top = 1.059755394116194
bottom = 0.06294250955102897
ec50 = 1.7628402258226765
nH = 1.560074563566727