Fitted Hill equation: 0.218238 + (1.00404-0.218238)*x^2.19057 / (0.150128^2.19057 + x^2.19057)
R²: 0.99766

top = 1.0040405373274257
bottom = 0.21823835747869766
ec50 = 0.15012766912426567
nH = 2.190569020558909