Fitted Hill equation: 0.149041 + (1.00389-0.149041)*x^2.02962 / (0.322929^2.02962 + x^2.02962)
top = 1.0038938621538698
bottom = 0.14904120430613632
ec50 = 0.3229287348905145
nH = 2.0296213982983002