Fitted Hill equation: 0.218246 + (1.00404-0.218246)*x^2.1906 / (0.150129^2.1906 + x^2.1906)
R²: 0.99766

top = 1.004040389543312
bottom = 0.21824588834849187
ec50 = 0.15012902221497162
nH = 2.190599213255593