Fitted Hill equation: 0.0329631 + (1.17167-0.0329631)*x^1.26724 / (0.364631^1.26724 + x^1.26724)
top = 1.1716717767115596
bottom = 0.032963058198531084
ec50 = 0.36463090567501094
nH = 1.2672395557508163